;$FILEVERSION=1.1
;$STARTTIME=44404.6052182292
;
;   Start time: 27/07/2021 14:31:30.855.0
;   Generated by PCAN-View v4.3.4.615
;
;   Message Number
;   |         Time Offset (ms)
;   |         |        Type
;   |         |        |        ID (hex)
;   |         |        |        |     Data Length
;   |         |        |        |     |   Data Bytes (hex) ...
;   |         |        |        |     |   |
;---+--   ----+----  --+--  ----+---  +  -+ -- -- -- -- -- -- --
     1)     18638.6  Rx     05112000  4  88 45 02 00 
     2)     18669.5  Rx     05FF3005  1  00 
     3)     18700.6  Rx     05112000  4  88 45 02 00 
     4)     18731.5  Rx     05FF3005  1  00 
     5)     18762.6  Rx     05112000  4  88 45 02 00 
     6)     18763.0  Rx     022B2000  4  00 00 00 08 
     7)     18793.5  Rx     05FF3005  1  00 
     8)     18824.6  Rx     05112000  4  88 45 02 00 
     9)     18825.1  Rx     022B2000  4  00 00 00 08 
    10)     18855.5  Rx     05FF3005  1  00 
    11)     18886.6  Rx     05112000  4  88 45 02 00 
    12)     18887.0  Rx     022B2000  4  00 00 00 08 
    13)     18917.5  Rx     05FF3005  1  00 
    14)     18948.6  Rx     05112000  4  88 45 02 00 
    15)     18949.0  Rx     022B2000  4  00 00 00 08 
    16)     18979.5  Rx     05FF3005  1  00 
    17)     19010.6  Rx     05112000  4  88 45 02 00 
    18)     19011.1  Rx     022B2000  4  00 00 00 08 
    19)     19041.5  Rx     05FF3005  1  00 
    20)     19072.6  Rx     05112000  4  88 45 02 00 
    21)     19073.1  Rx     022B2000  4  00 00 00 08 
    22)     19103.5  Rx     05FF3005  1  00 
    23)     19134.6  Rx     05112000  4  88 45 02 00 
    24)     19135.1  Rx     022B2000  4  00 00 00 08 
    25)     19165.5  Rx     05FF3005  1  00 
    26)     19196.6  Rx     05112000  4  88 45 02 00 
    27)     19197.1  Rx     022B2000  4  00 00 00 08 
    28)     19227.5  Rx     05FF3005  1  00 
    29)     19258.6  Rx     05112000  4  88 45 02 00 
    30)     19259.1  Rx     022B2000  4  00 00 00 08 
    31)     19289.5  Rx     05FF3005  1  00 
    32)     19320.6  Rx     05112000  4  88 45 02 00 
    33)     19321.0  Rx     022B2000  4  00 00 00 08 
    34)     19351.5  Rx     05FF3005  1  00 
    35)     19382.6  Rx     05112000  4  88 45 02 00 
    36)     19383.0  Rx     022B2000  4  00 00 00 08 
    37)     19413.5  Rx     05FF3005  1  00 
    38)     19444.6  Rx     05112000  4  88 45 02 00 
    39)     19445.1  Rx     022B2000  4  00 00 00 08 
    40)     19475.5  Rx     05FF3005  1  00 
    41)     19506.6  Rx     05112000  4  88 45 02 00 
    42)     19507.1  Rx     022B2000  4  00 00 00 08 
    43)     19537.5  Rx     05FF3005  1  00 
    44)     19568.6  Rx     05112000  4  88 45 02 00 
    45)     19569.1  Rx     022B2000  4  00 00 00 08 
    46)     19599.5  Rx     05FF3005  1  00 
    47)     19630.6  Rx     05112000  4  88 45 02 00 
    48)     19631.1  Rx     022B2000  4  00 00 00 08 
    49)     19661.5  Rx     05FF3005  1  00 
    50)     19692.6  Rx     05112000  4  88 45 02 00 
    51)     19693.1  Rx     022B2000  4  00 00 00 08 
    52)     19723.5  Rx     05FF3005  1  00 
    53)     19754.6  Rx     05112000  4  88 45 02 00 
    54)     19755.0  Rx     022B2000  4  00 00 00 08 
    55)     19785.5  Rx     05FF3005  1  00 
    56)     19816.6  Rx     05112000  4  88 45 02 00 
    57)     19817.0  Rx     022B2000  4  00 00 00 08 
    58)     19847.5  Rx     05FF3005  1  00 
    59)     19878.5  Rx     05112000  4  88 45 02 00 
    60)     19879.0  Rx     022B2000  4  00 00 00 08 
    61)     19909.4  Rx     05FF3005  1  00 
    62)     19940.5  Rx     05112000  4  88 45 02 00 
    63)     19941.0  Rx     022B2000  4  00 00 00 08 
    64)     19971.4  Rx     05FF3005  1  00 
    65)     20002.6  Rx     05112000  4  88 45 02 00 
    66)     20003.0  Rx     022B2000  4  00 00 00 08 
    67)     20033.4  Rx     05FF3005  1  00 
    68)     20064.6  Rx     05112000  4  88 45 02 00 
    69)     20065.0  Rx     022B2000  4  00 00 00 08 
    70)     20095.4  Rx     05FF3005  1  00 
    71)     20126.6  Rx     05112000  4  88 45 02 00 
    72)     20127.0  Rx     022B2000  4  00 00 00 08 
    73)     20157.4  Rx     05FF3005  1  00 
    74)     20188.5  Rx     05112000  4  88 45 02 00 
    75)     20189.0  Rx     022B2000  4  00 00 00 08 
    76)     20219.4  Rx     05FF3005  1  00 
    77)     20250.5  Rx     05112000  4  88 45 02 00 
    78)     20251.0  Rx     022B2000  4  00 00 00 08 
    79)     20281.4  Rx     05FF3005  1  00 
    80)     20312.5  Rx     05112000  4  88 45 02 00 
    81)     20313.0  Rx     022B2000  4  00 00 00 08 
    82)     20343.4  Rx     05FF3005  1  00 
    83)     20374.6  Rx     05112000  4  88 45 02 00 
    84)     20375.0  Rx     022B2000  4  00 00 00 08 
    85)     20405.4  Rx     05FF3005  1  00 
    86)     20436.5  Rx     05112000  4  88 45 02 00 
    87)     20437.0  Rx     022B2000  4  00 00 00 08 
    88)     20467.4  Rx     05FF3005  1  00 
    89)     20498.6  Rx     05112000  4  88 45 02 00 
    90)     20499.0  Rx     022B2000  4  00 00 00 08 
    91)     20529.4  Rx     05FF3005  1  00 
    92)     20560.6  Rx     05112000  4  88 45 02 00 
    93)     20561.0  Rx     022B2000  4  00 00 00 08 
    94)     20591.4  Rx     05FF3005  1  00 
    95)     20622.5  Rx     05112000  4  88 45 02 00 
    96)     20623.0  Rx     022B2000  4  00 00 00 08 
    97)     20653.4  Rx     05FF3005  1  00 
    98)     20684.5  Rx     05112000  4  88 45 02 00 
    99)     20685.0  Rx     022B2000  4  00 00 00 08 
   100)     20715.4  Rx     05FF3005  1  00 
   101)     20746.5  Rx     05112000  4  88 45 02 00 
   102)     20747.0  Rx     022B2000  4  00 00 00 08 
   103)     20777.4  Rx     05FF3005  1  00 
   104)     20808.5  Rx     05112000  4  88 45 02 00 
   105)     20809.0  Rx     022B2000  4  00 00 00 08 
   106)     20839.4  Rx     05FF3005  1  00 
   107)     20870.5  Rx     05112000  4  88 45 02 00 
   108)     20871.0  Rx     022B2000  4  00 00 00 08 
   109)     20901.4  Rx     05FF3005  1  00 
   110)     20932.6  Rx     05112000  4  88 45 02 00 
   111)     20933.0  Rx     022B2000  4  00 00 00 08 
   112)     20963.4  Rx     05FF3005  1  00 
   113)     20994.6  Rx     05112000  4  88 45 02 00 
   114)     20995.0  Rx     022B2000  4  00 00 00 08 
   115)     21025.4  Rx     05FF3005  1  00 
   116)     21056.6  Rx     05112000  4  88 45 02 00 
   117)     21057.0  Rx     022B2000  4  00 00 00 08 
   118)     21087.4  Rx     05FF3005  1  00 
   119)     21118.6  Rx     05112000  4  88 45 02 00 
   120)     21119.0  Rx     022B2000  4  00 00 00 08 
   121)     21149.4  Rx     05FF3005  1  00 
   122)     21180.6  Rx     05112000  4  88 45 02 00 
   123)     21181.0  Rx     022B2000  4  00 00 00 08 
   124)     21211.4  Rx     05FF3005  1  00 
   125)     21242.6  Rx     05112000  4  88 45 02 00 
   126)     21243.0  Rx     022B2000  4  00 00 00 08 
   127)     21273.4  Rx     05FF3005  1  00 
   128)     21304.5  Rx     05112000  4  88 45 02 00 
   129)     21305.0  Rx     022B2000  4  00 00 00 08 
   130)     21335.4  Rx     05FF3005  1  00 
   131)     21366.5  Rx     05112000  4  88 45 02 00 
   132)     21367.0  Rx     022B2000  4  00 00 00 08 
   133)     21397.4  Rx     05FF3005  1  00 
   134)     21428.6  Rx     05112000  4  88 45 02 00 
   135)     21429.0  Rx     022B2000  4  00 00 00 08 
   136)     21459.4  Rx     05FF3005  1  00 
   137)     21490.6  Rx     05112000  4  88 45 02 00 
   138)     21491.0  Rx     022B2000  4  00 00 00 08 
   139)     21521.4  Rx     05FF3005  1  00 
   140)     21552.6  Rx     05112000  4  88 45 02 00 
   141)     21553.0  Rx     022B2000  4  00 00 00 08 
   142)     21583.4  Rx     05FF3005  1  00 
   143)     21614.6  Rx     05112000  4  88 45 02 00 
   144)     21615.0  Rx     022B2000  4  00 00 00 08 
   145)     21645.4  Rx     05FF3005  1  00 
   146)     21676.6  Rx     05112000  4  88 45 02 00 
   147)     21677.0  Rx     022B2000  4  00 00 00 08 
   148)     21707.4  Rx     05FF3005  1  00 
   149)     21738.5  Rx     05112000  4  88 45 02 00 
   150)     21739.0  Rx     022B2000  4  00 00 00 08 
   151)     21769.4  Rx     05FF3005  1  00 
   152)     21800.5  Rx     05112000  4  88 45 02 00 
   153)     21801.0  Rx     022B2000  4  00 00 00 08 
   154)     21831.4  Rx     05FF3005  1  00 
   155)     21862.6  Rx     05112000  4  88 45 02 00 
   156)     21863.0  Rx     022B2000  4  00 00 00 08 
   157)     21893.4  Rx     05FF3005  1  00 
   158)     21924.6  Rx     05112000  4  88 45 02 00 
   159)     21925.0  Rx     022B2000  4  00 00 00 08 
   160)     21955.4  Rx     05FF3005  1  00 
   161)     21986.5  Rx     05112000  4  88 45 02 00 
   162)     21987.0  Rx     022B2000  4  00 00 00 08 
   163)     22017.4  Rx     05FF3005  1  00 
   164)     22048.5  Rx     05112000  4  88 45 02 00 
   165)     22049.0  Rx     022B2000  4  00 00 00 08 
   166)     22079.4  Rx     05FF3005  1  00 
   167)     22110.5  Rx     05112000  4  88 45 02 00 
   168)     22111.0  Rx     022B2000  4  00 00 00 08 
   169)     22141.4  Rx     05FF3005  1  00 
   170)     22172.5  Rx     05112000  4  88 45 02 00 
   171)     22173.0  Rx     022B2000  4  00 00 00 08 
   172)     22203.4  Rx     05FF3005  1  00 
   173)     22234.5  Rx     05112000  4  88 45 02 00 
   174)     22235.0  Rx     022B2000  4  00 00 00 08 
   175)     22265.4  Rx     05FF3005  1  00 
   176)     22296.5  Rx     05112000  4  88 45 02 00 
   177)     22297.0  Rx     022B2000  4  00 00 00 08 
   178)     22327.4  Rx     05FF3005  1  00 
   179)     22358.6  Rx     05112000  4  88 45 02 00 
   180)     22359.0  Rx     022B2000  4  00 00 00 08 
   181)     22389.4  Rx     05FF3005  1  00 
   182)     22420.5  Rx     05112000  4  88 45 02 00 
   183)     22421.0  Rx     022B2000  4  00 00 00 08 
   184)     22451.4  Rx     05FF3005  1  00 
   185)     22482.5  Rx     05112000  4  88 45 02 00 
   186)     22483.0  Rx     022B2000  4  00 00 00 08 
   187)     22513.4  Rx     05FF3005  1  00 
   188)     22544.5  Rx     05112000  4  88 45 02 00 
   189)     22545.0  Rx     022B2000  4  00 00 00 08 
   190)     22575.4  Rx     05FF3005  1  00 
   191)     22606.5  Rx     05112000  4  88 45 02 00 
   192)     22607.0  Rx     022B2000  4  00 00 00 08 
   193)     22637.4  Rx     05FF3005  1  00 
   194)     22668.5  Rx     05112000  4  88 45 02 00 
   195)     22668.9  Rx     022B2000  4  00 00 00 08 
   196)     22699.4  Rx     05FF3005  1  00 
   197)     22730.5  Rx     05112000  4  88 45 02 00 
   198)     22731.0  Rx     022B2000  4  00 00 00 08 
   199)     22761.4  Rx     05FF3005  1  00 
   200)     22792.6  Rx     05112000  4  88 45 02 00 
   201)     22793.0  Rx     022B2000  4  00 00 00 08 
   202)     22823.4  Rx     05FF3005  1  00 
   203)     22854.5  Rx     05112000  4  88 45 02 00 
   204)     22855.0  Rx     022B2000  4  00 00 00 08 
   205)     22885.4  Rx     05FF3005  1  00 
   206)     22916.5  Rx     05112000  4  88 45 02 00 
   207)     22917.0  Rx     022B2000  4  00 00 00 08 
   208)     22947.4  Rx     05FF3005  1  00 
   209)     22978.5  Rx     05112000  4  88 45 02 00 
   210)     22979.0  Rx     022B2000  4  00 00 00 08 
   211)     23009.4  Rx     05FF3005  1  00 
   212)     23040.5  Rx     05112000  4  88 45 02 00 
   213)     23040.9  Rx     022B2000  4  00 00 00 08 
   214)     23071.4  Rx     05FF3005  1  00 
   215)     23102.5  Rx     05112000  4  88 45 02 00 
   216)     23102.9  Rx     022B2000  4  00 00 00 08 
   217)     23133.4  Rx     05FF3005  1  00 
   218)     23164.5  Rx     05112000  4  88 45 02 00 
   219)     23165.0  Rx     022B2000  4  00 00 00 08 
   220)     23195.4  Rx     05FF3005  1  00 
   221)     23226.5  Rx     05112000  4  88 45 02 00 
   222)     23227.0  Rx     022B2000  4  00 00 00 08 
   223)     23257.4  Rx     05FF3005  1  00 
   224)     23288.5  Rx     05112000  4  88 45 02 00 
   225)     23289.0  Rx     022B2000  4  00 00 00 08 
   226)     23319.4  Rx     05FF3005  1  00 
   227)     23350.5  Rx     05112000  4  88 45 02 00 
   228)     23351.0  Rx     022B2000  4  00 00 00 08 
   229)     23381.4  Rx     05FF3005  1  00 
   230)     23412.5  Rx     05112000  4  88 45 02 00 
   231)     23413.0  Rx     022B2000  4  00 00 00 08 
   232)     23443.4  Rx     05FF3005  1  00 
   233)     23474.5  Rx     05112000  4  88 45 02 00 
   234)     23474.9  Rx     022B2000  4  00 00 00 08 
   235)     23505.4  Rx     05FF3005  1  00 
   236)     23536.5  Rx     05112000  4  88 45 02 00 
   237)     23536.9  Rx     022B2000  4  00 00 00 08 
   238)     23567.4  Rx     05FF3005  1  00 
   239)     23598.5  Rx     05112000  4  88 45 02 00 
   240)     23598.9  Rx     022B2000  4  00 00 00 08 
   241)     23629.4  Rx     05FF3005  1  00 
   242)     23660.5  Rx     05112000  4  88 45 02 00 
   243)     23661.0  Rx     022B2000  4  00 00 00 08 
   244)     23691.4  Rx     05FF3005  1  00 
   245)     23722.5  Rx     05112000  4  88 45 02 00 
   246)     23723.0  Rx     022B2000  4  00 00 00 08 
   247)     23753.4  Rx     05FF3005  1  00 
   248)     23784.5  Rx     05112000  4  88 45 02 00 
   249)     23785.0  Rx     022B2000  4  00 00 00 08 
   250)     23815.4  Rx     05FF3005  1  00 
   251)     23846.5  Rx     05112000  4  88 45 02 00 
   252)     23847.0  Rx     022B2000  4  00 00 00 08 
   253)     23877.4  Rx     05FF3005  1  00 
   254)     23908.5  Rx     05112000  4  88 45 02 00 
   255)     23908.9  Rx     022B2000  4  00 00 00 08 
   256)     23939.4  Rx     05FF3005  1  00 
   257)     23970.5  Rx     05112000  4  88 45 02 00 
   258)     23970.9  Rx     022B2000  4  00 00 00 08 
   259)     24001.4  Rx     05FF3005  1  00 
   260)     24032.5  Rx     05112000  4  88 45 02 00 
   261)     24032.9  Rx     022B2000  4  00 00 00 08 
   262)     24063.4  Rx     05FF3005  1  00 
   263)     24094.5  Rx     05112000  4  88 45 02 00 
   264)     24095.0  Rx     022B2000  4  00 00 00 08 
   265)     24125.4  Rx     05FF3005  1  00 
   266)     24156.5  Rx     05112000  4  88 45 02 00 
   267)     24156.9  Rx     022B2000  4  00 00 00 08 
   268)     24187.4  Rx     05FF3005  1  00 
   269)     24218.5  Rx     05112000  4  88 45 02 00 
   270)     24218.9  Rx     022B2000  4  00 00 00 08 
   271)     24249.4  Rx     05FF3005  1  00 
   272)     24280.5  Rx     05112000  4  88 45 02 00 
   273)     24280.9  Rx     022B2000  4  00 00 00 08 
   274)     24311.4  Rx     05FF3005  1  00 
   275)     24342.5  Rx     05112000  4  88 45 02 00 
   276)     24342.9  Rx     022B2000  4  00 00 00 08 
   277)     24373.3  Rx     05FF3005  1  00 
   278)     24404.5  Rx     05112000  4  88 45 02 00 
   279)     24404.9  Rx     022B2000  4  00 00 00 08 
   280)     24435.4  Rx     05FF3005  1  00 
   281)     24466.5  Rx     05112000  4  88 45 02 00 
   282)     24466.9  Rx     022B2000  4  00 00 00 08 
   283)     24497.4  Rx     05FF3005  1  00 
   284)     24528.5  Rx     05112000  4  88 45 02 00 
   285)     24528.9  Rx     022B2000  4  00 00 00 08 
   286)     24559.4  Rx     05FF3005  1  00 
   287)     24590.5  Rx     05112000  4  88 45 02 00 
   288)     24590.9  Rx     022B2000  4  00 00 00 08 
   289)     24621.4  Rx     05FF3005  1  00 
   290)     24652.5  Rx     05112000  4  88 45 02 00 
   291)     24652.9  Rx     022B2000  4  00 00 00 08 
   292)     24683.4  Rx     05FF3005  1  00 
   293)     24714.5  Rx     05112000  4  88 45 02 00 
   294)     24714.9  Rx     022B2000  4  00 00 00 08 
   295)     24745.4  Rx     05FF3005  1  00 
   296)     24776.5  Rx     05112000  4  88 45 02 00 
   297)     24776.9  Rx     022B2000  4  00 00 00 08 
   298)     24807.3  Rx     05FF3005  1  00 
   299)     24838.5  Rx     05112000  4  88 45 02 00 
   300)     24838.9  Rx     022B2000  4  00 00 00 08 
   301)     24869.4  Rx     05FF3005  1  00 
   302)     24900.5  Rx     05112000  4  88 45 02 00 
   303)     24900.9  Rx     022B2000  4  00 00 00 08 
   304)     24931.4  Rx     05FF3005  1  00 
   305)     24962.5  Rx     05112000  4  88 45 02 00 
   306)     24962.9  Rx     022B2000  4  00 00 00 08 
   307)     24993.4  Rx     05FF3005  1  00 
   308)     25024.5  Rx     05112000  4  88 45 02 00 
   309)     25024.9  Rx     022B2000  4  00 00 00 08 
   310)     25055.4  Rx     05FF3005  1  00 
   311)     25086.5  Rx     05112000  4  88 45 02 00 
   312)     25086.9  Rx     022B2000  4  00 00 00 08 
   313)     25117.3  Rx     05FF3005  1  00 
   314)     25148.5  Rx     05112000  4  88 45 02 00 
   315)     25148.9  Rx     022B2000  4  00 00 00 08 
   316)     25179.3  Rx     05FF3005  1  00 
   317)     25210.5  Rx     05112000  4  88 45 02 00 
   318)     25210.9  Rx     022B2000  4  00 00 00 08 
   319)     25241.3  Rx     05FF3005  1  00 
   320)     25272.5  Rx     05112000  4  88 45 02 00 
   321)     25272.9  Rx     022B2000  4  00 00 00 08 
   322)     25303.3  Rx     05FF3005  1  00 
   323)     25334.5  Rx     05112000  4  88 45 02 00 
   324)     25334.9  Rx     022B2000  4  00 00 00 08 
   325)     25365.4  Rx     05FF3005  1  00 
   326)     25396.5  Rx     05112000  4  88 45 02 00 
   327)     25396.9  Rx     022B2000  4  00 00 00 08 
   328)     25427.4  Rx     05FF3005  1  00 
   329)     25458.5  Rx     05112000  4  88 45 02 00 
   330)     25458.9  Rx     022B2000  4  00 00 00 08 
   331)     25489.3  Rx     05FF3005  1  00 
   332)     25520.4  Rx     05112000  4  88 45 02 00 
   333)     25520.9  Rx     022B2000  4  00 00 00 08 
   334)     25551.3  Rx     05FF3005  1  00 
   335)     25582.5  Rx     05112000  4  88 45 02 00 
   336)     25582.9  Rx     022B2000  4  00 00 00 08 
   337)     25613.3  Rx     05FF3005  1  00 
   338)     25644.5  Rx     05112000  4  88 45 02 00 
   339)     25644.9  Rx     022B2000  4  00 00 00 08 
   340)     25675.3  Rx     05FF3005  1  00 
   341)     25706.5  Rx     05112000  4  88 45 02 00 
   342)     25706.9  Rx     022B2000  4  00 00 00 08 
   343)     25737.3  Rx     05FF3005  1  00 
   344)     25768.5  Rx     05112000  4  88 45 02 00 
   345)     25768.9  Rx     022B2000  4  00 00 00 08 
   346)     25799.4  Rx     05FF3005  1  00 
   347)     25830.5  Rx     05112000  4  88 45 02 00 
   348)     25830.9  Rx     022B2000  4  00 00 00 08 
   349)     25861.3  Rx     05FF3005  1  00 
   350)     25892.5  Rx     05112000  4  88 45 02 00 
   351)     25892.9  Rx     022B2000  4  00 00 00 08 
   352)     25923.3  Rx     05FF3005  1  00 
   353)     25954.4  Rx     05112000  4  88 45 02 00 
   354)     25954.9  Rx     022B2000  4  00 00 00 08 
   355)     25985.3  Rx     05FF3005  1  00 
   356)     26016.4  Rx     05112000  4  88 45 02 00 
   357)     26016.9  Rx     022B2000  4  00 00 00 08 
   358)     26047.3  Rx     05FF3005  1  00 
   359)     26078.5  Rx     05112000  4  88 45 02 00 
   360)     26078.9  Rx     022B2000  4  00 00 00 08 
   361)     26109.3  Rx     05FF3005  1  00 
   362)     26140.5  Rx     05112000  4  88 45 02 00 
   363)     26140.9  Rx     022B2000  4  00 00 00 08 
   364)     26171.3  Rx     05FF3005  1  00 
   365)     26202.5  Rx     05112000  4  88 45 02 00 
   366)     26202.9  Rx     022B2000  4  00 00 00 08 
   367)     26233.3  Rx     05FF3005  1  00 
   368)     26264.4  Rx     05112000  4  88 45 02 00 
   369)     26264.9  Rx     022B2000  4  00 00 00 08 
   370)     26295.3  Rx     05FF3005  1  00 
   371)     26326.4  Rx     05112000  4  88 45 02 00 
   372)     26326.9  Rx     022B2000  4  00 00 00 08 
   373)     26357.3  Rx     05FF3005  1  00 
   374)     26388.4  Rx     05112000  4  88 45 02 00 
   375)     26388.9  Rx     022B2000  4  00 00 00 08 
   376)     26419.3  Rx     05FF3005  1  00 
   377)     26450.5  Rx     05112000  4  88 45 02 00 
   378)     26450.9  Rx     022B2000  4  00 00 00 08 
   379)     26481.3  Rx     05FF3005  1  00 
   380)     26512.5  Rx     05112000  4  88 45 02 00 
   381)     26512.9  Rx     022B2000  4  00 00 00 08 
   382)     26543.3  Rx     05FF3005  1  00 
   383)     26574.5  Rx     05112000  4  88 45 02 00 
   384)     26574.9  Rx     022B2000  4  00 00 00 08 
   385)     26605.3  Rx     05FF3005  1  00 
   386)     26636.5  Rx     05112000  4  88 45 02 00 
   387)     26636.9  Rx     022B2000  4  00 00 00 08 
   388)     26667.3  Rx     05FF3005  1  00 
   389)     26698.4  Rx     05112000  4  88 45 02 00 
   390)     26698.9  Rx     022B2000  4  00 00 00 08 
   391)     26729.3  Rx     05FF3005  1  00 
   392)     26760.4  Rx     05112000  4  88 45 02 00 
   393)     26760.9  Rx     022B2000  4  00 00 00 08 
   394)     26791.3  Rx     05FF3005  1  00 
   395)     26822.4  Rx     05112000  4  88 45 02 00 
   396)     26822.9  Rx     022B2000  4  00 00 00 08 
   397)     26853.3  Rx     05FF3005  1  00 
   398)     26884.4  Rx     05112000  4  88 45 02 00 
   399)     26884.9  Rx     022B2000  4  00 00 00 08 
   400)     26915.3  Rx     05FF3005  1  00 
   401)     26946.4  Rx     05112000  4  88 45 02 00 
   402)     26946.9  Rx     022B2000  4  00 00 00 08 
   403)     26977.3  Rx     05FF3005  1  00 
   404)     27008.5  Rx     05112000  4  88 45 02 00 
   405)     27008.9  Rx     022B2000  4  00 00 00 08 
   406)     27039.3  Rx     05FF3005  1  00 
   407)     27070.5  Rx     05112000  4  88 45 02 00 
   408)     27070.9  Rx     022B2000  4  00 00 00 08 
   409)     27101.3  Rx     05FF3005  1  00 
   410)     27132.4  Rx     05112000  4  88 45 02 00 
   411)     27132.9  Rx     022B2000  4  00 00 00 08 
   412)     27163.3  Rx     05FF3005  1  00 
   413)     27194.4  Rx     05112000  4  88 45 02 00 
   414)     27194.9  Rx     022B2000  4  00 00 00 08 
   415)     27225.3  Rx     05FF3005  1  00 
   416)     27256.4  Rx     05112000  4  88 45 02 00 
   417)     27256.8  Rx     022B2000  4  00 00 00 08 
   418)     27287.3  Rx     05FF3005  1  00 
   419)     27318.4  Rx     05112000  4  88 45 02 00 
   420)     27318.8  Rx     022B2000  4  00 00 00 08 
   421)     27349.3  Rx     05FF3005  1  00 
   422)     27380.4  Rx     05112000  4  88 45 02 00 
   423)     27380.8  Rx     022B2000  4  00 00 00 08 
   424)     27411.2  Rx     05FF3005  1  00 
   425)     27442.4  Rx     05112000  4  88 45 02 00 
   426)     27442.8  Rx     022B2000  4  00 00 00 08 
   427)     27473.2  Rx     05FF3005  1  00 
   428)     27504.4  Rx     05112000  4  88 45 02 00 
   429)     27504.8  Rx     022B2000  4  00 00 00 08 
   430)     27535.2  Rx     05FF3005  1  00 
   431)     27566.4  Rx     05112000  4  88 45 02 00 
   432)     27566.8  Rx     022B2000  4  00 00 00 08 
   433)     27597.2  Rx     05FF3005  1  00 
   434)     27628.4  Rx     05112000  4  88 45 02 00 
   435)     27628.8  Rx     022B2000  4  00 00 00 08 
   436)     27659.3  Rx     05FF3005  1  00 
   437)     27690.4  Rx     05112000  4  88 45 02 00 
   438)     27690.8  Rx     022B2000  4  00 00 00 08 
   439)     27721.3  Rx     05FF3005  1  00 
   440)     27752.4  Rx     05112000  4  88 45 02 00 
   441)     27752.8  Rx     022B2000  4  00 00 00 08 
   442)     27783.2  Rx     05FF3005  1  00 
   443)     27814.4  Rx     05112000  4  88 45 02 00 
   444)     27814.8  Rx     022B2000  4  00 00 00 08 
   445)     27845.2  Rx     05FF3005  1  00 
   446)     27876.3  Rx     05112000  4  88 45 02 00 
   447)     27876.8  Rx     022B2000  4  00 00 00 08 
   448)     27907.2  Rx     05FF3005  1  00 
   449)     27938.4  Rx     05112000  4  88 45 02 00 
   450)     27938.8  Rx     022B2000  4  00 00 00 08 
   451)     27969.2  Rx     05FF3005  1  00 
   452)     28000.4  Rx     05112000  4  88 45 02 00 
   453)     28000.8  Rx     022B2000  4  00 00 00 08 
   454)     28031.2  Rx     05FF3005  1  00 
   455)     28062.4  Rx     05112000  4  88 45 02 00 
   456)     28062.8  Rx     022B2000  4  00 00 00 08 
   457)     28093.2  Rx     05FF3005  1  00 
   458)     28124.4  Rx     05112000  4  88 45 02 00 
   459)     28124.8  Rx     022B2000  4  00 00 00 08 
   460)     28155.3  Rx     05FF3005  1  00 
   461)     28186.4  Rx     05112000  4  88 45 02 00 
   462)     28186.8  Rx     022B2000  4  00 00 00 08 
   463)     28217.2  Rx     05FF3005  1  00 
   464)     28248.4  Rx     05112000  4  88 45 02 00 
   465)     28248.8  Rx     022B2000  4  00 00 00 08 
   466)     28279.3  Rx     05FF3005  1  00 
   467)     28310.4  Rx     05112000  4  88 45 02 00 
   468)     28310.8  Rx     022B2000  4  00 00 00 08 
   469)     28341.3  Rx     05FF3005  1  00 
   470)     28372.4  Rx     05112000  4  88 45 02 00 
   471)     28372.8  Rx     022B2000  4  00 00 00 08 
   472)     28403.3  Rx     05FF3005  1  00 
   473)     28434.4  Rx     05112000  4  88 45 02 00 
   474)     28434.8  Rx     022B2000  4  00 00 00 08 
   475)     28465.3  Rx     05FF3005  1  00 
   476)     28496.4  Rx     05112000  4  88 45 02 00 
   477)     28496.8  Rx     022B2000  4  00 00 00 08 
   478)     28527.2  Rx     05FF3005  1  00 
   479)     28558.4  Rx     05112000  4  88 45 02 00 
   480)     28558.8  Rx     022B2000  4  00 00 00 08 
   481)     28589.3  Rx     05FF3005  1  00 
   482)     28620.4  Rx     05112000  4  88 45 02 00 
   483)     28620.8  Rx     022B2000  4  00 00 00 08 
   484)     28651.3  Rx     05FF3005  1  00 
   485)     28682.4  Rx     05112000  4  88 45 02 00 
   486)     28682.8  Rx     022B2000  4  00 00 00 08 
   487)     28713.3  Rx     05FF3005  1  00 
   488)     28744.4  Rx     05112000  4  88 45 02 00 
   489)     28744.8  Rx     022B2000  4  00 00 00 08 
   490)     28775.3  Rx     05FF3005  1  00 
   491)     28806.4  Rx     05112000  4  88 45 02 00 
   492)     28806.8  Rx     022B2000  4  00 00 00 08 
   493)     28837.3  Rx     05FF3005  1  00 
   494)     28868.4  Rx     05112000  4  88 45 02 00 
   495)     28868.8  Rx     022B2000  4  00 00 00 08 
   496)     28899.3  Rx     05FF3005  1  00 
   497)     28930.4  Rx     05112000  4  88 45 02 00 
   498)     28930.8  Rx     022B2000  4  00 00 00 08 
   499)     28961.2  Rx     05FF3005  1  00 
   500)     28992.4  Rx     05112000  4  88 45 02 00 
   501)     28992.8  Rx     022B2000  4  00 00 00 08 
   502)     29023.3  Rx     05FF3005  1  00 
   503)     29054.4  Rx     05112000  4  88 45 02 00 
   504)     29054.9  Rx     022B2000  4  00 00 00 08 
   505)     29085.3  Rx     05FF3005  1  00 
   506)     29116.4  Rx     05112000  4  88 45 02 00 
   507)     29116.8  Rx     022B2000  4  00 00 00 08 
   508)     29147.3  Rx     05FF3005  1  00 
   509)     29178.4  Rx     05112000  4  88 45 02 00 
   510)     29178.8  Rx     022B2000  4  00 00 00 08 
   511)     29209.3  Rx     05FF3005  1  00 
   512)     29240.4  Rx     05112000  4  88 45 02 00 
   513)     29240.8  Rx     022B2000  4  00 00 00 08 
   514)     29271.3  Rx     05FF3005  1  00 
   515)     29302.4  Rx     05112000  4  88 45 02 00 
   516)     29302.8  Rx     022B2000  4  00 00 00 08 
   517)     29333.1  Rx     05FF3005  1  00 
   518)     29364.3  Rx     05112000  4  88 45 02 00 
   519)     29364.7  Rx     022B2000  4  00 00 00 08 
   520)     29395.1  Rx     05FF3005  1  00 
   521)     29426.3  Rx     05112000  4  88 45 02 00 
   522)     29426.7  Rx     022B2000  4  00 00 00 08 
   523)     29457.1  Rx     05FF3005  1  00 
   524)     29488.3  Rx     05112000  4  88 45 02 00 
   525)     29488.7  Rx     022B2000  4  00 00 00 08 
   526)     29519.2  Rx     05FF3005  1  00 
   527)     29550.3  Rx     05112000  4  88 45 02 00 
   528)     29550.7  Rx     022B2000  4  00 00 00 08 
   529)     29581.2  Rx     05FF3005  1  00 
   530)     29612.3  Rx     05112000  4  88 45 02 00 
   531)     29612.7  Rx     022B2000  4  00 00 00 08 
   532)     29643.2  Rx     05FF3005  1  00 
   533)     29674.3  Rx     05112000  4  88 45 02 00 
   534)     29674.7  Rx     022B2000  4  00 00 00 08 
   535)     29705.2  Rx     05FF3005  1  00 
   536)     29736.3  Rx     05112000  4  88 45 02 00 
   537)     29736.7  Rx     022B2000  4  00 00 00 08 
   538)     29767.1  Rx     05FF3005  1  00 
   539)     29798.3  Rx     05112000  4  88 45 02 00 
   540)     29798.7  Rx     022B2000  4  00 00 00 08 
   541)     29829.1  Rx     05FF3005  1  00 
   542)     29860.3  Rx     05112000  4  88 45 02 00 
   543)     29860.7  Rx     022B2000  4  00 00 00 08 
   544)     29891.1  Rx     05FF3005  1  00 
   545)     29922.3  Rx     05112000  4  88 45 02 00 
   546)     29922.8  Rx     022B2000  4  00 00 00 08 
   547)     29953.2  Rx     05FF3005  1  00 
   548)     29984.3  Rx     05112000  4  88 45 02 00 
   549)     29984.7  Rx     022B2000  4  00 00 00 08 
   550)     30015.2  Rx     05FF3005  1  00 
   551)     30046.3  Rx     05112000  4  88 45 02 00 
   552)     30046.7  Rx     022B2000  4  00 00 00 08 
   553)     30077.2  Rx     05FF3005  1  00 
   554)     30108.3  Rx     05112000  4  88 45 02 00 
   555)     30108.7  Rx     022B2000  4  00 00 00 08 
   556)     30139.2  Rx     05FF3005  1  00 
   557)     30170.3  Rx     05112000  4  88 45 02 00 
   558)     30170.7  Rx     022B2000  4  00 00 00 08 
   559)     30201.1  Rx     05FF3005  1  00 
   560)     30232.3  Rx     05112000  4  88 45 02 00 
   561)     30232.7  Rx     022B2000  4  00 00 00 08 
   562)     30263.1  Rx     05FF3005  1  00 
   563)     30294.3  Rx     05112000  4  88 45 02 00 
   564)     30294.7  Rx     022B2000  4  00 00 00 08 
   565)     30325.1  Rx     05FF3005  1  00 
   566)     30356.3  Rx     05112000  4  88 45 02 00 
   567)     30356.7  Rx     022B2000  4  00 00 00 08 
   568)     30387.2  Rx     05FF3005  1  00 
   569)     30418.3  Rx     05112000  4  88 45 02 00 
   570)     30418.7  Rx     022B2000  4  00 00 00 08 
   571)     30449.2  Rx     05FF3005  1  00 
   572)     30480.3  Rx     05112000  4  88 45 02 00 
   573)     30480.7  Rx     022B2000  4  00 00 00 08 
   574)     30511.2  Rx     05FF3005  1  00 
   575)     30542.3  Rx     05112000  4  88 45 02 00 
   576)     30542.8  Rx     022B2000  4  00 00 00 08 
   577)     30573.2  Rx     05FF3005  1  00 
   578)     30604.3  Rx     05112000  4  88 45 02 00 
   579)     30604.8  Rx     022B2000  4  00 00 00 08 
   580)     30635.2  Rx     05FF3005  1  00 
   581)     30666.3  Rx     05112000  4  88 45 02 00 
   582)     30666.7  Rx     022B2000  4  00 00 00 08 
   583)     30697.2  Rx     05FF3005  1  00 
   584)     30728.3  Rx     05112000  4  88 45 02 00 
   585)     30728.7  Rx     022B2000  4  00 00 00 08 
   586)     30759.2  Rx     05FF3005  1  00 
   587)     30790.3  Rx     05112000  4  88 45 02 00 
   588)     30790.7  Rx     022B2000  4  00 00 00 08 
   589)     30821.2  Rx     05FF3005  1  00 
   590)     30852.3  Rx     05112000  4  88 45 02 00 
   591)     30852.7  Rx     022B2000  4  00 00 00 08 
   592)     30883.2  Rx     05FF3005  1  00 
   593)     30914.3  Rx     05112000  4  88 45 02 00 
   594)     30914.7  Rx     022B2000  4  00 00 00 08 
   595)     30945.2  Rx     05FF3005  1  00 
   596)     30976.3  Rx     05112000  4  88 45 02 00 
   597)     30976.7  Rx     022B2000  4  00 00 00 08 
   598)     31007.2  Rx     05FF3005  1  00 
   599)     31038.3  Rx     05112000  4  88 45 02 00 
   600)     31038.8  Rx     022B2000  4  00 00 00 08 
   601)     31069.2  Rx     05FF3005  1  00 
   602)     31100.3  Rx     05112000  4  88 45 02 00 
   603)     31100.7  Rx     022B2000  4  00 00 00 08 
   604)     31131.2  Rx     05FF3005  1  00 
   605)     31162.3  Rx     05112000  4  88 45 02 00 
   606)     31162.7  Rx     022B2000  4  00 00 00 08 
   607)     31193.2  Rx     05FF3005  1  00 
