;$FILEVERSION=1.1
;$STARTTIME=44410.3735319213
;
;   Start time: 02/08/2021 08:57:53.158.0
;   Generated by PCAN-View v4.3.4.615
;
;   Message Number
;   |         Time Offset (ms)
;   |         |        Type
;   |         |        |        ID (hex)
;   |         |        |        |     Data Length
;   |         |        |        |     |   Data Bytes (hex) ...
;   |         |        |        |     |   |
;---+--   ----+----  --+--  ----+---  +  -+ -- -- -- -- -- -- --
     1)        57.5  Rx     03106300  4  05 0B 00 01 
     2)       189.6  Rx     03106300  4  05 0B 00 01 
     3)       287.5  Rx     03106300  4  05 0B 00 01 
     4)       387.5  Rx     03106300  4  05 0B 00 01 
     5)       487.5  Rx     03106300  4  05 0B 00 01 
     6)       597.4  Rx     03106300  4  05 0B 00 01 
     7)       713.3  Rx     05F83501  1  00 
     8)       717.5  Rx     03106300  4  05 0B 00 01 
     9)       717.8  Rx     03106303  1  05 
    10)       817.5  Rx     03106300  4  05 0B 00 01 
    11)       917.5  Rx     03106300  4  05 0B 00 01 
    12)      1017.5  Rx     03106300  4  05 0B 00 01 
    13)      1117.5  Rx     03106300  4  05 0B 00 01 
    14)      1247.5  Rx     03106300  4  05 0B 00 01 
    15)      1347.5  Rx     03106300  4  05 0B 00 01 
    16)      1447.5  Rx     03106300  4  05 0B 00 01 
    17)      1547.5  Rx     03106300  4  05 0B 00 01 
    18)      1677.5  Rx     03106300  4  05 0B 00 01 
    19)      1730.1  Rx     05F83501  1  00 
    20)      1777.5  Rx     03106300  4  05 0B 00 01 
    21)      1777.8  Rx     03106303  1  05 
    22)      1877.5  Rx     03106300  4  05 0B 00 01 
    23)      1977.5  Rx     03106300  4  05 0B 00 01 
    24)      2077.5  Rx     03106300  4  05 0B 00 01 
    25)      2207.6  Rx     03106300  4  05 0B 00 01 
    26)      2307.5  Rx     03106300  4  05 0B 00 01 
    27)      2407.5  Rx     03106300  4  05 0B 00 01 
    28)      2507.5  Rx     03106300  4  05 0B 00 01 
    29)      2637.5  Rx     03106300  4  05 0B 00 01 
    30)      2737.5  Rx     03106300  4  05 0B 00 01 
    31)      2746.8  Rx     05F83501  1  00 
    32)      2837.6  Rx     03106300  4  05 0B 00 01 
    33)      2837.9  Rx     03106303  1  05 
    34)      2937.5  Rx     03106300  4  05 0B 00 01 
    35)      3037.5  Rx     03106300  4  05 0B 00 01 
    36)      3157.5  Rx     03106300  4  05 0B 00 01 
    37)      3277.5  Rx     03106300  4  05 0B 00 01 
    38)      3377.5  Rx     03106300  4  05 0B 00 01 
    39)      3477.5  Rx     03106300  4  05 0B 00 01 
    40)      3577.5  Rx     03106300  4  05 0B 00 01 
    41)      3697.5  Rx     03106300  4  05 0B 00 01 
    42)      3763.6  Rx     05F83501  1  00 
    43)      3797.5  Rx     03106300  4  05 0B 00 01 
    44)      3897.5  Rx     03106300  4  05 0B 00 01 
    45)      3897.8  Rx     03106303  1  05 
    46)      3917.4  Rx     03216400  0  
    47)      3937.4  Rx     03216401  0  
    48)      3997.5  Rx     03106300  4  05 0B 00 01 
    49)      4097.5  Rx     03106300  4  05 0B 00 01 
    50)      4227.5  Rx     03106300  4  05 0B 00 01 
    51)      4327.5  Rx     03106300  4  05 0B 00 01 
    52)      4427.5  Rx     03106300  4  05 0B 00 01 
    53)      4527.5  Rx     03106300  4  05 0B 00 01 
    54)      4657.5  Rx     03106300  4  05 0B 00 01 
    55)      4757.5  Rx     03106300  4  05 0B 00 01 
    56)      4780.4  Rx     05F83501  1  00 
    57)      4857.5  Rx     03106300  4  05 0B 00 01 
    58)      4957.5  Rx     03106300  4  05 0B 00 01 
    59)      4957.8  Rx     03106303  1  05 
    60)      5057.5  Rx     03106300  4  05 0B 00 01 
    61)      5189.7  Rx     03106300  4  05 0B 00 01 
    62)      5287.6  Rx     03106300  4  05 0B 00 01 
    63)      5387.5  Rx     03106300  4  05 0B 00 01 
    64)      5487.5  Rx     03106300  4  05 0B 00 01 
    65)      5597.5  Rx     03106300  4  05 0B 00 01 
    66)      5717.5  Rx     03106300  4  05 0B 00 01 
    67)      5797.1  Rx     05F83501  1  00 
    68)      5817.5  Rx     03106300  4  05 0B 00 01 
    69)      5917.5  Rx     03106300  4  05 0B 00 01 
    70)      6017.5  Rx     03106300  4  05 0B 00 01 
    71)      6017.9  Rx     03106303  1  05 
    72)      6117.6  Rx     03106300  4  05 0B 00 01 
    73)      6247.6  Rx     03106300  4  05 0B 00 01 
    74)      6347.6  Rx     03106300  4  05 0B 00 01 
    75)      6447.6  Rx     03106300  4  05 0B 00 01 
    76)      6547.5  Rx     03106300  4  05 0B 00 01 
    77)      6677.5  Rx     03106300  4  05 0B 00 01 
    78)      6777.5  Rx     03106300  4  05 0B 00 01 
    79)      6813.9  Rx     05F83501  1  00 
    80)      6877.5  Rx     03106300  4  05 0B 00 01 
    81)      6977.5  Rx     03106300  4  05 0B 00 01 
    82)      7077.5  Rx     03106300  4  05 0B 00 01 
    83)      7077.9  Rx     03106303  1  05 
    84)      7207.5  Rx     03106300  4  05 0B 00 01 
    85)      7307.5  Rx     03106300  4  05 0B 00 01 
    86)      7407.5  Rx     03106300  4  05 0B 00 01 
    87)      7507.5  Rx     03106300  4  05 0B 00 01 
    88)      7637.5  Rx     03106300  4  05 0B 00 01 
    89)      7737.6  Rx     03106300  4  05 0B 00 01 
    90)      7830.6  Rx     05F83501  1  00 
    91)      7837.6  Rx     03106300  4  05 0B 00 01 
    92)      7937.6  Rx     03106300  4  05 0B 00 01 
    93)      8037.6  Rx     03106300  4  05 0B 00 01 
    94)      8157.5  Rx     03106300  4  05 0B 00 01 
    95)      8177.4  Rx     03106303  1  05 
    96)      8287.6  Rx     03106300  4  05 0B 00 01 
    97)      8387.6  Rx     03106300  4  05 0B 00 01 
    98)      8487.6  Rx     03106300  4  05 0B 00 01 
    99)      8597.5  Rx     03106300  4  05 0B 00 01 
   100)      8717.6  Rx     03106300  4  05 0B 00 01 
   101)      8817.6  Rx     03106300  4  05 0B 00 01 
   102)      8847.4  Rx     05F83501  1  00 
   103)      8917.6  Rx     03106300  4  05 0B 00 01 
   104)      9017.6  Rx     03106300  4  05 0B 00 01 
   105)      9117.6  Rx     03106300  4  05 0B 00 01 
   106)      9247.6  Rx     03106300  4  05 0B 00 01 
   107)      9247.9  Rx     03106303  1  05 
   108)      9347.6  Rx     03106300  4  05 0B 00 01 
   109)      9447.6  Rx     03106300  4  05 0B 00 01 
   110)      9547.6  Rx     03106300  4  05 0B 00 01 
   111)      9677.6  Rx     03106300  4  05 0B 00 01 
   112)      9777.6  Rx     03106300  4  05 0B 00 01 
   113)      9864.2  Rx     05F83501  1  00 
   114)      9877.6  Rx     03106300  4  05 0B 00 01 
   115)      9977.6  Rx     03106300  4  05 0B 00 01 
   116)     10077.6  Rx     03106300  4  05 0B 00 01 
   117)     10207.6  Rx     03106300  4  05 0B 00 01 
   118)     10307.5  Rx     03106300  4  05 0B 00 01 
   119)     10307.9  Rx     03106303  1  05 
   120)     10407.6  Rx     03106300  4  05 0B 00 01 
   121)     10507.6  Rx     03106300  4  05 0B 00 01 
   122)     10637.5  Rx     03106300  4  05 0B 00 01 
   123)     10737.6  Rx     03106300  4  05 0B 00 01 
   124)     10837.6  Rx     03106300  4  05 0B 00 01 
   125)     10880.9  Rx     05F83501  1  00 
   126)     10937.6  Rx     03106300  4  05 0B 00 01 
   127)     11037.5  Rx     03106300  4  05 0B 00 01 
   128)     11157.5  Rx     03106300  4  05 0B 00 01 
   129)     11277.6  Rx     03106300  4  05 0B 00 01 
   130)     11377.6  Rx     03106300  4  05 0B 00 01 
   131)     11378.0  Rx     03106303  1  05 
   132)     11477.6  Rx     03106300  4  05 0B 00 01 
   133)     11577.6  Rx     03106300  4  05 0B 00 01 
   134)     11697.6  Rx     03106300  4  05 0B 00 01 
   135)     11797.6  Rx     03106300  4  05 0B 00 01 
   136)     11897.6  Rx     03106300  4  05 0B 00 01 
   137)     11897.9  Rx     05F83501  1  00 
   138)     11997.6  Rx     03106300  4  05 0B 00 01 
   139)     12097.5  Rx     03106300  4  05 0B 00 01 
   140)     12227.6  Rx     03106300  4  05 0B 00 01 
   141)     12327.6  Rx     03106300  4  05 0B 00 01 
   142)     12427.6  Rx     03106300  4  05 0B 00 01 
   143)     12427.9  Rx     03106303  1  05 
   144)     12527.6  Rx     03106300  4  05 0B 00 01 
   145)     12657.6  Rx     03106300  4  05 0B 00 01 
   146)     12757.6  Rx     03106300  4  05 0B 00 01 
   147)     12857.6  Rx     03106300  4  05 0B 00 01 
   148)     12914.5  Rx     05F83501  1  00 
   149)     12957.6  Rx     03106300  4  05 0B 00 01 
   150)     13057.6  Rx     03106300  4  05 0B 00 01 
   151)     13189.8  Rx     03106300  4  05 0B 00 01 
   152)     13287.7  Rx     03106300  4  05 0B 00 01 
   153)     13387.7  Rx     03106300  4  05 0B 00 01 
   154)     13487.7  Rx     03106300  4  05 0B 00 01 
   155)     13488.0  Rx     03106303  1  05 
   156)     13597.6  Rx     03106300  4  05 0B 00 01 
   157)     13717.6  Rx     03106300  4  05 0B 00 01 
   158)     13817.6  Rx     03106300  4  05 0B 00 01 
   159)     13917.6  Rx     03106300  4  05 0B 00 01 
   160)     13931.3  Rx     05F83501  1  00 
   161)     14017.7  Rx     03106300  4  05 0B 00 01 
   162)     14117.6  Rx     03106300  4  05 0B 00 01 
   163)     14247.6  Rx     03106300  4  05 0B 00 01 
   164)     14347.6  Rx     03106300  4  05 0B 00 01 
   165)     14447.6  Rx     03106300  4  05 0B 00 01 
   166)     14547.6  Rx     03106300  4  05 0B 00 01 
   167)     14548.0  Rx     03106303  1  05 
   168)     14567.5  Rx     03216400  0  
   169)     14597.5  Rx     03216401  0  
   170)     14677.6  Rx     03106300  4  05 0B 00 01 
   171)     14777.6  Rx     03106300  4  05 0B 00 01 
   172)     14877.6  Rx     03106300  4  05 0B 00 01 
   173)     14948.1  Rx     05F83501  1  00 
   174)     14977.6  Rx     03106300  4  05 0B 00 01 
   175)     15077.6  Rx     03106300  4  05 0B 00 01 
   176)     15207.6  Rx     03106300  4  05 0B 00 01 
   177)     15307.6  Rx     03106300  4  05 0B 00 01 
   178)     15407.6  Rx     03106300  4  05 0B 00 01 
   179)     15507.6  Rx     03106300  4  05 0B 00 01 
   180)     15637.6  Rx     03106300  4  05 0B 00 01 
   181)     15639.7  Rx     03106303  1  05 
   182)     15737.7  Rx     03106300  4  05 0B 00 01 
   183)     15837.7  Rx     03106300  4  05 0B 00 01 
   184)     15937.7  Rx     03106300  4  05 0B 00 01 
   185)     15964.8  Rx     05F83501  1  00 
   186)     16037.7  Rx     03106300  4  05 0B 00 01 
   187)     16157.6  Rx     03106300  4  05 0B 00 01 
   188)     16277.6  Rx     03106300  4  05 0B 00 01 
   189)     16377.6  Rx     03106300  4  05 0B 00 01 
   190)     16477.7  Rx     03106300  4  05 0B 00 01 
   191)     16577.7  Rx     03106300  4  05 0B 00 01 
   192)     16697.6  Rx     03106300  4  05 0B 00 01 
   193)     16698.0  Rx     03106303  1  05 
   194)     16797.6  Rx     03106300  4  05 0B 00 01 
   195)     16897.6  Rx     03106300  4  05 0B 00 01 
   196)     16981.6  Rx     05F83501  1  00 
   197)     16997.7  Rx     03106300  4  05 0B 00 01 
   198)     17097.6  Rx     03106300  4  05 0B 00 01 
   199)     17227.7  Rx     03106300  4  05 0B 00 01 
   200)     17327.7  Rx     03106300  4  05 0B 00 01 
   201)     17427.7  Rx     03106300  4  05 0B 00 01 
   202)     17527.7  Rx     03106300  4  05 0B 00 01 
   203)     17657.6  Rx     03106300  4  05 0B 00 01 
   204)     17757.7  Rx     03106300  4  05 0B 00 01 
   205)     17758.0  Rx     03106303  1  05 
   206)     17857.7  Rx     03106300  4  05 0B 00 01 
   207)     17957.6  Rx     03106300  4  05 0B 00 01 
   208)     17998.4  Rx     05F83501  1  00 
   209)     18057.6  Rx     03106300  4  05 0B 00 01 
   210)     18189.9  Rx     03106300  4  05 0B 00 01 
   211)     18287.7  Rx     03106300  4  05 0B 00 01 
   212)     18387.7  Rx     03106300  4  05 0B 00 01 
   213)     18487.7  Rx     03106300  4  05 0B 00 01 
   214)     18597.7  Rx     03106300  4  05 0B 00 01 
   215)     18717.7  Rx     03106300  4  05 0B 00 01 
   216)     18817.7  Rx     03106300  4  05 0B 00 01 
   217)     18818.0  Rx     03106303  1  05 
   218)     18917.7  Rx     03106300  4  05 0B 00 01 
   219)     19015.2  Rx     05F83501  1  00 
   220)     19017.7  Rx     03106300  4  05 0B 00 01 
   221)     19117.7  Rx     03106300  4  05 0B 00 01 
   222)     19247.7  Rx     03106300  4  05 0B 00 01 
   223)     19347.7  Rx     03106300  4  05 0B 00 01 
   224)     19447.7  Rx     03106300  4  05 0B 00 01 
   225)     19547.7  Rx     03106300  4  05 0B 00 01 
   226)     19677.7  Rx     03106300  4  05 0B 00 01 
   227)     19777.6  Rx     03106300  4  05 0B 00 01 
   228)     19877.7  Rx     03106300  4  05 0B 00 01 
   229)     19878.0  Rx     03106303  1  05 
   230)     19977.7  Rx     03106300  4  05 0B 00 01 
   231)     20031.9  Rx     05F83501  1  00 
   232)     20077.7  Rx     03106300  4  05 0B 00 01 
   233)     20207.7  Rx     03106300  4  05 0B 00 01 
   234)     20307.7  Rx     03106300  4  05 0B 00 01 
   235)     20407.7  Rx     03106300  4  05 0B 00 01 
   236)     20507.7  Rx     03106300  4  05 0B 00 01 
   237)     20637.7  Rx     03106300  4  05 0B 00 01 
   238)     20737.7  Rx     03106300  4  05 0B 00 01 
   239)     20837.7  Rx     03106300  4  05 0B 00 00 
   240)     20937.7  Rx     03106300  4  05 0B 00 00 
   241)     20938.0  Rx     03106303  1  05 
   242)     21037.7  Rx     03106300  4  05 0B 00 00 
   243)     21048.7  Rx     05F83501  1  00 
   244)     21148.6  Rx     02F83202  1  00 
   245)     21157.7  Rx     03106300  4  05 0B 00 01 
   246)     21248.8  Rx     02F83202  1  00 
   247)     21277.7  Rx     03106300  4  05 0B 00 01 
   248)     21299.3  Rx     02F83200  8  00 00 00 00 00 00 00 00 
   249)     21329.3  Rx     02F83201  8  00 00 00 00 89 09 49 D8 
   250)     21349.2  Rx     02F83205  2  00 00 
   251)     21349.5  Rx     02F83202  1  00 
   252)     21377.7  Rx     03106300  4  05 0B 00 01 
   253)     21449.4  Rx     02F83202  1  00 
   254)     21477.7  Rx     03106300  4  05 0B 00 01 
   255)     21499.6  Rx     02F83203  6  70 17 B5 01 C0 08 
   256)     21539.6  Rx     02FF1200  1  00 
   257)     21549.8  Rx     02F83200  8  00 00 00 00 00 00 00 00 
   258)     21550.2  Rx     02F83202  1  00 
   259)     21577.8  Rx     03106300  4  05 0B 00 01 
   260)     21610.0  Rx     02F83201  8  00 00 00 00 86 09 49 26 
   261)     21649.8  Rx     02F83202  1  00 
   262)     21650.2  Rx     02F83205  2  00 00 
   263)     21697.7  Rx     03106300  4  05 0B 00 01 
   264)     21750.1  Rx     02F83202  1  00 
   265)     21797.7  Rx     03106300  4  05 0B 00 01 
   266)     21800.5  Rx     02F83200  8  00 00 00 00 00 00 00 00 
   267)     21850.3  Rx     02F83202  1  00 
   268)     21890.7  Rx     02F83201  8  00 00 00 00 89 09 49 26 
   269)     21897.7  Rx     03106300  4  05 0B 00 01 
   270)     21950.5  Rx     02F83202  1  00 
   271)     21950.9  Rx     02F83205  2  00 00 
   272)     21997.7  Rx     03106300  4  05 0B 00 01 
   273)     21998.0  Rx     03106303  1  05 
   274)     22030.8  Rx     02FF1200  1  00 
   275)     22051.1  Rx     02F83200  8  00 00 00 00 00 00 00 00 
   276)     22051.4  Rx     02F83202  1  00 
   277)     22065.4  Rx     05F83501  1  00 
   278)     22097.6  Rx     03106300  4  05 0B 00 01 
   279)     22151.0  Rx     02F83202  1  00 
   280)     22171.4  Rx     02F83201  8  00 00 00 00 89 09 49 26 
   281)     22227.6  Rx     03106300  4  05 0B 00 01 
   282)     22251.3  Rx     02F83205  2  00 00 
   283)     22251.7  Rx     02F83202  1  00 
   284)     22301.7  Rx     02F83200  8  00 00 00 00 00 00 00 00 
   285)     22327.7  Rx     03106300  4  05 0B 00 01 
   286)     22351.5  Rx     02F83202  1  00 
   287)     22401.8  Rx     02F83203  6  70 17 B5 01 C0 08 
   288)     22427.7  Rx     03106300  4  05 0B 00 01 
   289)     22452.0  Rx     02F83201  8  00 00 00 00 89 09 49 26 
   290)     22452.4  Rx     02F83202  1  00 
   291)     22522.0  Rx     02FF1200  1  00 
   292)     22527.7  Rx     03106300  4  05 0B 00 01 
   293)     22552.3  Rx     02F83200  8  00 00 00 00 00 00 00 00 
   294)     22552.6  Rx     02F83202  1  00 
   295)     22652.2  Rx     02F83202  1  00 
   296)     22657.7  Rx     03106300  4  05 0B 00 01 
   297)     22732.7  Rx     02F83201  8  00 00 00 00 89 09 49 26 
   298)     22752.5  Rx     02F83202  1  00 
   299)     22757.7  Rx     03106300  4  05 0B 00 01 
   300)     22802.9  Rx     02F83200  8  00 00 00 00 00 00 00 00 
   301)     22852.8  Rx     02F83202  1  00 
   302)     22853.1  Rx     02F83205  2  00 00 
   303)     22857.7  Rx     03106300  4  05 0B 00 01 
   304)     22953.0  Rx     02F83202  1  00 
   305)     22957.7  Rx     03106300  4  05 0B 00 01 
   306)     23013.2  Rx     02FF1200  1  00 
   307)     23013.7  Rx     02F83201  8  00 00 00 00 89 09 49 26 
   308)     23053.6  Rx     02F83200  8  00 00 00 00 00 00 00 00 
   309)     23053.9  Rx     02F83202  1  00 
   310)     23057.7  Rx     03106300  4  05 0B 00 01 
   311)     23058.0  Rx     03106303  1  05 
   312)     23082.2  Rx     05F83501  1  00 
   313)     23153.6  Rx     02F83205  2  00 00 
   314)     23153.9  Rx     02F83202  1  00 
   315)     23189.9  Rx     03106300  4  05 0B 00 01 
   316)     23253.8  Rx     02F83202  1  00 
   317)     23287.7  Rx     03106300  4  05 0B 00 01 
   318)     23294.1  Rx     02F83201  8  00 00 00 00 8B 09 49 26 
   319)     23304.2  Rx     02F83200  8  00 00 00 00 00 00 00 00 
   320)     23304.7  Rx     02F83203  6  70 17 B5 01 C0 08 
   321)     23354.0  Rx     02F83202  1  00 
   322)     23387.7  Rx     03106300  4  05 0B 00 01 
   323)     23454.3  Rx     02F83205  2  00 00 
   324)     23454.6  Rx     02F83202  1  00 
   325)     23487.7  Rx     03106300  4  05 0B 00 01 
   326)     23504.4  Rx     02FF1200  1  11 
   327)     23554.8  Rx     02F83200  8  00 00 00 00 00 00 00 00 
   328)     23555.1  Rx     02F83202  1  00 
   329)     23574.8  Rx     02F83201  8  00 00 00 00 89 09 49 26 
   330)     23597.7  Rx     03106300  4  05 0B 00 01 
   331)     23654.7  Rx     02F83202  1  00 
   332)     23717.7  Rx     03106300  4  05 0B 00 01 
   333)     23755.2  Rx     02F83203  6  70 17 B5 01 C0 08 
   334)     23755.5  Rx     02F83202  1  00 
   335)     23805.4  Rx     02F83200  8  00 00 00 00 00 00 00 00 
   336)     23817.7  Rx     03106300  4  05 0B 00 01 
   337)     23855.2  Rx     02F83202  1  00 
   338)     23855.8  Rx     02F83201  8  00 00 00 00 89 09 49 26 
   339)     23917.7  Rx     03106300  4  05 0B 00 01 
   340)     23955.5  Rx     02F83202  1  00 
   341)     23995.6  Rx     02FF1200  1  11 
   342)     24017.7  Rx     03106300  4  05 0B 00 01 
   343)     24056.1  Rx     02F83200  8  00 00 00 00 00 00 00 00 
   344)     24056.4  Rx     02F83202  1  00 
   345)     24099.0  Rx     05F83501  1  00 
   346)     24117.7  Rx     03106300  4  05 0B 00 01 
   347)     24118.1  Rx     03106303  1  05 
   348)     24136.2  Rx     02F83201  8  00 00 00 00 89 09 49 26 
   349)     24156.0  Rx     02F83202  1  00 
   350)     24206.3  Rx     02F83203  6  70 17 B5 01 C0 08 
   351)     24247.7  Rx     03106300  4  05 0B 00 01 
   352)     24256.2  Rx     02F83202  1  00 
   353)     24306.7  Rx     02F83200  8  00 00 00 00 00 00 00 00 
   354)     24347.7  Rx     03106300  4  05 0B 00 01 
   355)     24356.5  Rx     02F83205  2  00 00 
   356)     24356.8  Rx     02F83202  1  00 
   357)     24416.9  Rx     02F83201  8  00 00 00 00 89 09 49 26 
   358)     24447.7  Rx     03106300  4  05 0B 00 01 
   359)     24456.8  Rx     02F83202  1  00 
   360)     24486.8  Rx     02FF1200  1  11 
   361)     24547.7  Rx     03106300  4  05 0B 00 01 
   362)     24557.0  Rx     02F83202  1  00 
   363)     24557.6  Rx     02F83200  8  00 00 00 00 00 00 00 00 
   364)     24657.4  Rx     02F83203  6  70 17 B5 01 C0 08 
   365)     24657.7  Rx     02F83202  1  00 
   366)     24677.7  Rx     03106300  4  05 0B 00 01 
   367)     24697.6  Rx     02F83201  8  00 00 00 00 89 09 49 26 
   368)     24757.5  Rx     02F83202  1  00 
   369)     24777.7  Rx     03106300  4  05 0B 00 01 
   370)     24807.9  Rx     02F83200  8  00 00 00 00 00 00 00 00 
   371)     24857.8  Rx     02F83202  1  00 
   372)     24877.7  Rx     03106300  4  05 0B 00 01 
   373)     24958.0  Rx     02F83205  2  00 00 
   374)     24958.4  Rx     02F83202  1  00 
   375)     24977.7  Rx     03106300  4  05 0B 00 01 
   376)     24978.3  Rx     02F83201  8  00 00 00 00 89 09 49 26 
   377)     24978.6  Rx     02FF1200  1  11 
   378)     25058.5  Rx     02F83200  8  00 00 00 00 00 00 00 00 
   379)     25058.8  Rx     02F83202  1  00 
   380)     25077.7  Rx     03106300  4  05 0B 00 01 
   381)     25108.5  Rx     02F83203  6  70 17 B5 01 C0 08 
   382)     25115.8  Rx     05F83501  1  00 
   383)     25158.5  Rx     02F83202  1  00 
   384)     25207.7  Rx     03106300  4  05 0B 00 01 
   385)     25208.1  Rx     03106303  1  05 
   386)     25227.6  Rx     03216400  0  
   387)     25247.6  Rx     03216401  0  
   388)     25258.7  Rx     02F83202  1  00 
   389)     25259.1  Rx     02F83205  2  00 00 
   390)     25307.7  Rx     03106300  4  05 0B 00 01 
   391)     25309.1  Rx     02F83200  8  00 00 00 00 00 00 00 00 
   392)     25358.9  Rx     02F83202  1  00 
   393)     25407.7  Rx     03106300  4  05 0B 00 01 
   394)     25459.2  Rx     02F83202  1  00 
   395)     25469.2  Rx     02FF1200  1  11 
   396)     25507.7  Rx     03106300  4  05 0B 00 01 
   397)     25539.7  Rx     02F83201  8  00 00 00 00 89 09 49 26 
   398)     25559.8  Rx     02F83200  8  00 00 00 00 00 00 00 00 
   399)     25560.1  Rx     02F83202  1  00 
   400)     25637.7  Rx     03106300  4  05 0B 00 01 
   401)     25659.7  Rx     02F83202  1  00 
   402)     25737.8  Rx     03106300  4  05 0B 00 01 
   403)     25759.9  Rx     02F83202  1  00 
   404)     25810.4  Rx     02F83200  8  00 00 00 00 00 00 00 00 
   405)     25820.3  Rx     02F83201  8  00 00 00 00 89 09 49 26 
   406)     25837.8  Rx     03106300  4  05 0B 00 01 
   407)     25860.3  Rx     02F83205  2  00 00 
   408)     25860.6  Rx     02F83202  1  00 
   409)     25937.8  Rx     03106300  4  05 0B 00 01 
   410)     25960.5  Rx     02F83202  1  00 
   411)     25960.8  Rx     02FF1200  1  11 
   412)     26010.7  Rx     02F83203  6  70 17 B5 01 C0 08 
   413)     26037.8  Rx     03106300  4  05 0B 00 01 
   414)     26061.0  Rx     02F83200  8  00 00 00 00 00 00 00 00 
   415)     26061.3  Rx     02F83202  1  00 
   416)     26101.1  Rx     02F83201  8  00 00 00 00 89 09 49 26 
   417)     26132.5  Rx     05F83501  1  00 
   418)     26157.8  Rx     03106300  4  05 0B 00 01 
   419)     26161.0  Rx     02F83205  2  00 00 
   420)     26161.3  Rx     02F83202  1  00 
   421)     26261.2  Rx     02F83202  1  00 
   422)     26277.7  Rx     03106300  4  05 0B 00 01 
   423)     26278.1  Rx     03106303  1  05 
   424)     26311.6  Rx     02F83200  8  00 00 00 00 00 00 00 00 
   425)     26361.4  Rx     02F83202  1  00 
   426)     26377.7  Rx     03106300  4  05 0B 00 01 
   427)     26381.7  Rx     02F83201  8  00 00 00 00 89 09 49 26 
   428)     26451.7  Rx     02FF1200  1  11 
   429)     26461.8  Rx     02F83203  6  70 17 B5 01 C0 08 
   430)     26462.2  Rx     02F83202  1  00 
   431)     26477.7  Rx     03106300  4  05 0B 00 01 
   432)     26562.2  Rx     02F83200  8  00 00 00 00 00 00 00 00 
   433)     26562.5  Rx     02F83202  1  00 
   434)     26577.7  Rx     03106300  4  05 0B 00 01 
   435)     26662.4  Rx     02F83201  8  00 00 00 00 89 09 49 26 
   436)     26662.7  Rx     02F83202  1  00 
   437)     26697.7  Rx     03106300  4  05 0B 00 01 
   438)     26762.4  Rx     02F83205  2  00 00 
   439)     26762.8  Rx     02F83202  1  00 
   440)     26797.7  Rx     03106300  4  05 0B 00 01 
   441)     26812.8  Rx     02F83200  8  00 00 00 00 00 00 00 00 
   442)     26862.7  Rx     02F83202  1  00 
   443)     26897.7  Rx     03106300  4  05 0B 00 01 
   444)     26912.9  Rx     02F83203  6  70 17 B5 01 C0 08 
   445)     26942.8  Rx     02FF1200  1  11 
   446)     26943.4  Rx     02F83201  8  00 00 00 00 89 09 49 26 
   447)     26962.9  Rx     02F83202  1  00 
   448)     26997.7  Rx     03106300  4  05 0B 00 01 
   449)     27063.5  Rx     02F83200  8  00 00 00 00 00 00 00 00 
   450)     27063.7  Rx     02F83202  1  00 
   451)     27097.7  Rx     03106300  4  05 0B 00 01 
   452)     27149.3  Rx     05F83501  1  00 
   453)     27163.4  Rx     02F83202  1  00 
   454)     27223.8  Rx     02F83201  8  00 00 00 00 89 09 49 26 
   455)     27227.8  Rx     03106300  4  05 0B 00 01 
   456)     27263.6  Rx     02F83202  1  00 
   457)     27314.0  Rx     02F83200  8  00 00 00 00 00 00 00 00 
   458)     27327.8  Rx     03106300  4  05 0B 00 01 
   459)     27328.1  Rx     03106303  1  05 
   460)     27364.1  Rx     02F83203  6  70 17 B5 01 C0 08 
   461)     27364.4  Rx     02F83202  1  00 
   462)     27427.8  Rx     03106300  4  05 0B 00 01 
   463)     27434.0  Rx     02FF1200  1  11 
   464)     27464.1  Rx     02F83202  1  00 
   465)     27504.5  Rx     02F83201  8  00 00 00 00 89 09 49 26 
   466)     27527.8  Rx     03106300  4  05 0B 00 01 
   467)     27564.6  Rx     02F83200  8  00 00 00 00 00 00 00 00 
   468)     27565.0  Rx     02F83202  1  00 
   469)     27657.7  Rx     03106300  4  05 0B 00 01 
   470)     27664.6  Rx     02F83205  2  00 00 
   471)     27665.0  Rx     02F83202  1  00 
   472)     27757.7  Rx     03106300  4  05 0B 00 01 
   473)     27764.8  Rx     02F83202  1  00 
   474)     27785.2  Rx     02F83201  8  00 00 00 00 89 09 49 26 
   475)     27815.3  Rx     02F83200  8  00 00 00 00 00 00 00 00 
   476)     27815.8  Rx     02F83203  6  70 17 B5 01 C0 08 
   477)     27857.7  Rx     03106300  4  05 0B 00 01 
   478)     27865.1  Rx     02F83202  1  00 
   479)     27925.2  Rx     02FF1200  1  11 
   480)     27957.8  Rx     03106300  4  05 0B 00 01 
   481)     27965.4  Rx     02F83205  2  00 00 
   482)     27965.7  Rx     02F83202  1  00 
   483)     28057.7  Rx     03106300  4  05 0B 00 01 
   484)     28065.9  Rx     02F83200  8  00 00 00 00 00 00 00 00 
   485)     28066.2  Rx     02F83202  1  00 
   486)     28165.9  Rx     02F83202  1  00 
   487)     28166.2  Rx     05F83501  1  00 
   488)     28190.0  Rx     03106300  4  05 0B 00 01 
   489)     28266.2  Rx     02F83203  6  70 17 B5 01 C0 08 
   490)     28266.6  Rx     02F83202  1  00 
   491)     28287.8  Rx     03106300  4  05 0B 00 01 
   492)     28316.6  Rx     02F83200  8  00 00 00 00 00 00 00 00 
   493)     28346.5  Rx     02F83201  8  00 00 00 00 89 09 49 26 
   494)     28366.3  Rx     02F83202  1  00 
   495)     28387.8  Rx     03106300  4  05 0B 00 01 
   496)     28388.1  Rx     03106303  1  05 
   497)     28416.5  Rx     02FF1200  1  11 
   498)     28466.6  Rx     02F83202  1  00 
   499)     28487.8  Rx     03106300  4  05 0B 00 01 
   500)     28566.8  Rx     02F83202  1  00 
   501)     28567.2  Rx     02F83205  2  00 00 
   502)     28597.8  Rx     03106300  4  05 0B 00 01 
   503)     28627.2  Rx     02F83201  8  00 00 00 00 89 09 49 26 
   504)     28667.1  Rx     02F83202  1  00 
   505)     28717.3  Rx     02F83203  6  70 17 B5 01 C0 08 
   506)     28717.8  Rx     03106300  4  05 0B 00 01 
   507)     28767.3  Rx     02F83202  1  00 
   508)     28817.8  Rx     02F83200  8  00 00 00 00 00 00 00 00 
   509)     28818.2  Rx     03106300  4  05 0B 00 01 
   510)     28867.6  Rx     02F83205  2  00 00 
   511)     28868.0  Rx     02F83202  1  00 
   512)     28907.7  Rx     02FF1200  1  11 
   513)     28908.2  Rx     02F83201  8  00 00 00 00 89 09 49 26 
   514)     28917.8  Rx     03106300  4  05 0B 00 01 
   515)     28967.8  Rx     02F83202  1  00 
   516)     29017.8  Rx     03106300  4  05 0B 00 01 
   517)     29068.3  Rx     02F83200  8  00 00 00 00 00 00 00 00 
   518)     29068.7  Rx     02F83202  1  00 
   519)     29117.8  Rx     03106300  4  05 0B 00 01 
   520)     29182.9  Rx     05F83501  1  00 
   521)     29247.7  Rx     03106300  4  05 0B 00 01 
   522)     29347.8  Rx     03106300  4  05 0B 00 01 
   523)     29447.8  Rx     03106300  4  05 0B 00 01 
   524)     29448.1  Rx     03106303  1  05 
   525)     29547.8  Rx     03106300  4  05 0B 00 01 
   526)     29677.8  Rx     03106300  4  05 0B 00 01 
   527)     29777.7  Rx     03106300  4  05 0B 00 01 
   528)     29877.7  Rx     03106300  4  05 0B 00 01 
   529)     29977.7  Rx     03106300  4  05 0B 00 01 
   530)     30077.8  Rx     03106300  4  05 0B 00 01 
   531)     30199.6  Rx     05F83501  1  00 
   532)     30207.8  Rx     03106300  4  05 0B 00 01 
   533)     30307.8  Rx     03106300  4  05 0B 00 01 
   534)     30407.8  Rx     03106300  4  05 0B 00 01 
   535)     30507.8  Rx     03106300  4  05 0B 00 01 
   536)     30508.1  Rx     03106303  1  05 
   537)     30637.7  Rx     03106300  4  05 0B 00 01 
   538)     30737.8  Rx     03106300  4  05 0B 00 01 
   539)     30837.8  Rx     03106300  4  05 0B 00 01 
   540)     30937.8  Rx     03106300  4  05 0B 00 01 
   541)     31037.8  Rx     03106300  4  05 0B 00 01 
   542)     31157.8  Rx     03106300  4  05 0B 00 01 
   543)     31216.4  Rx     05F83501  1  00 
   544)     31277.8  Rx     03106300  4  05 0B 00 01 
   545)     31377.8  Rx     03106300  4  05 0B 00 01 
   546)     31477.8  Rx     03106300  4  05 0B 00 01 
   547)     31577.8  Rx     03106300  4  05 0B 00 01 
   548)     31578.1  Rx     03106303  1  05 
   549)     31697.8  Rx     03106300  4  05 0B 00 01 
   550)     31797.8  Rx     03106300  4  05 0B 00 01 
   551)     31897.8  Rx     03106300  4  05 0B 00 01 
